THIS IS THE DATABASE FOR ALL THE PROBABILITY OF POKER COMBINATIONS
ROYAL FLUSH
 1 10 11 12 13     1
14 23 24 25 26     1
27 36 37 38 39     1
40 49 50 51 52     1
STRAIGHT FLUSH
13                 0.999968
12                 0.999937
11                 0.999906
10                 0.999875
 9                 0.999844
 8                 0.999813
 7                 0.999782
 6                 0.999751
 5                 0.999720
FOUR OF A KIND
 1 13              0.999689
 1 12              0.999678
 1 11              0.999667
 1 10              0.999657
 1  9              0.999646
 1  8              0.999635
 1  7              0.999624
 1  6              0.999614
 1  5              0.999603
 1  4              0.999592
 1  3              0.999581
 1  2              0.999571
13  1              0.999560
13 12              0.999549
13 11              0.999538
13 10              0.999527
13  9              0.999517
13  8              0.999506
13  7              0.999495
13  6              0.999484
13  5              0.999474
13  4              0.999463
13  3              0.999452
13  2              0.999441
12  1              0.999431
12 13              0.999420
12 11              0.999409
12 10              0.999398
12  9              0.999387
12  8              0.999377
12  7              0.999366
12  6              0.999355
12  5              0.999344
12  4              0.999334
12  3              0.999323
12  2              0.999312
11  1              0.999301
11 13              0.999291
11 12              0.999280
11 10              0.999269
11  9              0.999258
11  8              0.999247
11  7              0.999237
11  6              0.999226
11  5              0.999215
11  4              0.999204
11  3              0.999194
11  2              0.999183
10  1              0.999172
10 13              0.999161
10 12              0.999151
10 11              0.999140
10  9              0.999129
10  8              0.999118
10  7              0.999107
10  6              0.999097
10  5              0.999086
10  4              0.999075
10  3              0.999064
10  2              0.999054
 9  1              0.999043
 9 13              0.999032
 9 12              0.999021
 9 11              0.999011
 9 10              0.999000
 9  8              0.998989
 9  7              0.998978
 9  6              0.998967
 9  5              0.998957
 9  4              0.998946
 9  3              0.998935
 9  2              0.998924
 8  1              0.998914
 8 13              0.998903
 8 12              0.998892
 8 11              0.998881
 8 10              0.998871
 8  9              0.998860
 8  7              0.998849
 8  6              0.998838
 8  5              0.998827
 8  4              0.998817
 8  3              0.998806
 8  2              0.998795
 7  1              0.998784
 7 13              0.998774
 7 12              0.998763
 7 11              0.998752
 7 10              0.998741
 7  9              0.998731
 7  8              0.998720
 7  6              0.998709
 7  5              0.998698
 7  4              0.998687
 7  3              0.998677
 7  2              0.998666
 6  1              0.998655
 6 13              0.998644
 6 12              0.998634
 6 11              0.998623
 6 10              0.998612
 6  9              0.998601
 6  8              0.998591
 6  7              0.998580
 6  5              0.998569
 6  4              0.998558
 6  3              0.998547
 6  2              0.998537
 5  1              0.998526
 5 13              0.998515
 5 12              0.998504
 5 11              0.998494
 5 10              0.998483
 5  9              0.998472
 5  8              0.998461
 5  7              0.998451
 5  6              0.998440
 5  4              0.998429
 5  3              0.998418
 5  2              0.998407
 4  1              0.998397
 4 13              0.998386
 4 12              0.998375
 4 11              0.998364
 4 10              0.998354
 4  9              0.998343
 4  8              0.998332
 4  7              0.998321
 4  6              0.998311
 4  5              0.998300
 4  3              0.998289
 4  2              0.998278
 3  1              0.998267
 3 13              0.998257
 3 12              0.998246
 3 11              0.998235
 3 10              0.998224
 3  9              0.998214
 3  8              0.998203
 3  7              0.998192
 3  6              0.998181
 3  5              0.998171
 3  4              0.998160
 3  2              0.998149
 2  1              0.998138
 2 13              0.998127
 2 12              0.998117
 2 11              0.998106
 2 10              0.998095
 2  9              0.998084
 2  8              0.998074
 2  7              0.998063
 2  6              0.998052
 2  5              0.998041
 2  4              0.998031
 2  3              0.998020
FULL HOUSE
01 13              0.998009
01 12              0.997842
01 11              0.997676
01 10              0.997509
01  9              0.997342
01  8              0.997176
01  7              0.997009
01  6              0.996842
01  5              0.996676
01  4              0.996509
01  3              0.996342
01  2              0.996176
13  1              0.996009
13 12              0.995842
13 11              0.995676
13 10              0.995509
13  9              0.995342
13  8              0.995176
13  7              0.995009
13  6              0.994842
13  5              0.994676
13  4              0.994509
13  3              0.994342
13  2              0.994176
12  1              0.994009
12 13              0.993842
12 11              0.993676
12 10              0.993509
12  9              0.993342
12  8              0.993176
12  7              0.993009
12  6              0.992842
12  5              0.992676
12  4              0.992509
12  3              0.992342
12  2              0.992176
11  1              0.992009
11 13              0.991842
11 12              0.991676
11 10              0.991509
11  9              0.991342
11  8              0.991176
11  7              0.991009
11  6              0.990842
11  5              0.990676
11  4              0.990509
11  3              0.990342
11  2              0.990176
10  1              0.990009
10 13              0.989842
10 12              0.989676
10 11              0.989509
10  9              0.989342
10  8              0.989176
10  7              0.989009
10  6              0.988842
10  5              0.988676
10  4              0.988509
10  3              0.988342
10  2              0.988176
 9  1              0.988009
 9 13              0.987842
 9 12              0.987676
 9 11              0.987509
 9 10              0.987342
 9  8              0.987176
 9  7              0.987009
 9  6              0.986842
 9  5              0.986676
 9  4              0.986509
 9  3              0.986342
 9  2              0.986176
 8  1              0.986009
 8 13              0.985842
 8 12              0.985676
 8 11              0.985509
 8 10              0.985342
 8  9              0.985176
 8  7              0.985009
 8  6              0.984842
 8  5              0.984676
 8  4              0.984509
 8  3              0.984342
 8  2              0.984176
 7  1              0.984009
 7 13              0.983842
 7 12              0.983676
 7 11              0.983509
 7 10              0.983342
 7  9              0.983176
 7  8              0.983009
 7  6              0.982842
 7  5              0.982676
 7  4              0.982509
 7  3              0.982342
 7  2              0.982176
 6  1              0.982009
 6 13              0.981842
 6 12              0.981676
 6 11              0.981509
 6 10              0.981342
 6  9              0.981176
 6  8              0.981009
 6  7              0.980842
 6  5              0.980676
 6  4              0.980509
 6  3              0.980342
 6  2              0.980176
 5  1              0.980009
 5 13              0.979842
 5 12              0.979676
 5 11              0.979509
 5 10              0.979342
 5  9              0.979176
 5  8              0.979009
 5  7              0.978842
 5  6              0.978676
 5  4              0.978509
 5  3              0.978342
 5  2              0.978176
 4  1              0.978009
 4 13              0.977842
 4 12              0.977676
 4 11              0.977509
 4 10              0.977342
 4  9              0.977176
 4  8              0.977009
 4  7              0.976842
 4  6              0.976676
 4  5              0.976509
 4  3              0.976342
 4  2              0.976176
 3  1              0.976009
 3 13              0.975842
 3 12              0.975676
 3 11              0.975509
 3 10              0.975342
 3  9              0.975176
 3  8              0.975009
 3  7              0.974842
 3  6              0.974676
 3  5              0.974509
 3  4              0.974342
 3  2              0.974176
 2  1              0.974009
 2 13              0.973842
 2 12              0.973676
 2 11              0.973509
 2 10              0.973342
 2  9              0.973176
 2  8              0.973009
 2  7              0.972842
 2  6              0.972676
 2  5              0.972509
 2  4              0.972342
 2  3              0.972176
FLUSH
 1 13 12           0.972009
 1 13 11           0.971823
 1 13 10           0.971637
 1 13  9           0.971451
 1 13  8           0.971265
 1 13  7           0.971080
 1 13  6           0.970894
 1 13  5           0.970708
 1 13  4           0.970522
 1 12 11           0.970336
 1 12 10           0.970150
 1 12  9           0.969964
 1 12  8           0.969778
 1 12  7           0.969592
 1 12  6           0.969407
 1 12  5           0.969221
 1 12  4           0.969035
 1 11 10           0.968849
 1 11  9           0.968663
 1 11  8           0.968477
 1 11  7           0.968291
 1 11  6           0.968105
 1 11  5           0.967919
 1 11  4           0.967734
 1 10  9           0.967548
 1 10  8           0.967362
 1 10  7           0.967176
 1 10  6           0.966990
 1 10  5           0.966804
 1 10  4           0.966618
 1  9  8           0.966432
 1  9  7           0.966246
 1  9  6           0.966061
 1  9  5           0.965875
 1  9  4           0.965689
 1  8  7           0.965503
 1  8  6           0.965317
 1  8  5           0.965131
 1  8  4           0.964945
 1  7  6           0.964759
 1  7  5           0.964573
 1  7  4           0.964388
 1  6  5           0.964202
 1  6  4           0.964016
13 12 11           0.963830
13 12 10           0.963644
13 12  9           0.963458
13 12  8           0.963272
13 12  7           0.963086
13 12  6           0.962900
13 12  5           0.962715
13 12  4           0.962529
13 11 10           0.962343
13 11  9           0.962157
13 11  8           0.961971
13 11  7           0.961785
13 11  6           0.961599
13 11  5           0.961413
13 11  4           0.961227
13 10  9           0.961042
13 10  8           0.960856
13 10  7           0.960670
13 10  6           0.960484
13 10  5           0.960298
13 10  4           0.960112
13  9  8           0.959926
13  9  7           0.959740
13  9  6           0.959554
13  9  5           0.959369
13  9  4           0.959183
13  8  7           0.958997
13  8  6           0.958811
13  8  5           0.958625
13  8  4           0.958439
13  7  6           0.958253
13  7  5           0.958067
13  7  4           0.957881
13  6  5           0.957696
13  6  4           0.957510
13  5  4           0.957324
12 11 10           0.957138
12 11  9           0.956952
12 11  8           0.956766
12 11  7           0.956580
12 11  6           0.956394
12 11  5           0.956208
12 11  4           0.956022
12 10  9           0.955837
12 10  8           0.955651
12 10  7           0.955465
12 10  6           0.955279
12 10  5           0.955093
12 10  4           0.954907
12  9  8           0.954721
12  9  7           0.954535
12  9  6           0.954349
12  9  5           0.954164
12  9  4           0.953978
12  8  7           0.953792
12  8  6           0.953606
12  8  5           0.953420
12  8  4           0.953234
12  7  6           0.953048
12  7  5           0.952862
12  7  4           0.952676
12  6  5           0.952491
12  6  4           0.952305
12  5  4           0.952119
11 10  9           0.951933
11 10  8           0.951747
11 10  7           0.951561
11 10  6           0.951375
11 10  5           0.951189
11 10  4           0.951003
11  9  8           0.950818
11  9  7           0.950632
11  9  6           0.950446
11  9  5           0.950260
11  9  4           0.950074
11  8  7           0.949888
11  8  6           0.949702
11  8  5           0.949516
11  8  4           0.949330
11  7  6           0.949145
11  7  5           0.948959
11  7  4           0.948773
11  6  5           0.948587
11  6  4           0.948401
11  5  4           0.948215
10  9  8           0.948029
10  9  7           0.947843
10  9  6           0.947657
10  9  5           0.947472
10  9  4           0.947286
10  8  7           0.947100
10  8  6           0.946914
10  8  5           0.946728
10  8  4           0.946542
10  7  6           0.946356
10  7  5           0.946170
10  7  4           0.945984
10  6  5           0.945799
10  6  4           0.945613
10  5  4           0.945427
 9  8  7           0.945241
 9  8  6           0.945055
 9  8  5           0.944869
 9  8  4           0.944683
 9  7  6           0.944497
 9  7  5           0.944311
 9  7  4           0.944126
 9  6  5           0.943940
 9  6  4           0.943754
 9  5  4           0.943568
 8  7  6           0.943382
 8  7  5           0.943196
 8  7  4           0.943010
 8  6  5           0.942824
 8  6  4           0.942638
 8  5  4           0.942453
 7  6  5           0.942267
 7  6  4           0.942081
 7  5  4           0.941895
STRAIGHT
10                 0.941709
 9                 0.937089
 8                 0.932469
 7                 0.927849
 6                 0.923229
 5                 0.918609
 4                 0.913989
 3                 0.909369
 2                 0.904749
 1                 0.900129
THREE OF A KIND
 1 13              0.895509
 1 12              0.895103
 1 11              0.894697
 1 10              0.894291
 1  9              0.893885
 1  8              0.893480
 1  7              0.893074
 1  6              0.892668
13  1              0.892262
13 12              0.891856
13 11              0.891450
13 10              0.891044
13  9              0.890638
13  8              0.890233
13  7              0.889827
13  6              0.889421
13  5              0.889015
12  1              0.888609
12 13              0.888203
12 11              0.887797
12 10              0.887391
12  9              0.886985
12  8              0.886580
12  7              0.886174
12  6              0.885768
12  5              0.885362
11  1              0.884956
11 13              0.884550
11 12              0.884144
11 10              0.883738
11  9              0.883333
11  8              0.882927
11  7              0.882521
11  6              0.882115
11  5              0.881709
10  1              0.881303
10 13              0.880897
10 12              0.880491
10 11              0.880085
10  9              0.879680
10  8              0.879274
10  7              0.878868
10  6              0.878462
10  5              0.878056
 9  1              0.877650
 9 13              0.877244
 9 12              0.876838
 9 11              0.876433
 9 10              0.876027
 9  8              0.875621
 9  7              0.875215
 9  6              0.874809
 9  5              0.874403
 8  1              0.873997
 8 13              0.873591
 8 12              0.873185
 8 11              0.872780
 8 10              0.872374
 8  9              0.871968
 8  7              0.871562
 8  6              0.871156
 8  5              0.870750
 7  1              0.870344
 7 13              0.869938
 7 12              0.869533
 7 11              0.869127
 7 10              0.868721
 7  9              0.868315
 7  8              0.867909
 7  6              0.867503
 7  5              0.867097
 6  1              0.866691
 6 13              0.866285
 6 12              0.865880
 6 11              0.865474
 6 10              0.865068
 6  9              0.864662
 6  8              0.864256
 6  7              0.863850
 6  5              0.863444
 5  1              0.863038
 5 13              0.862633
 5 12              0.862227
 5 11              0.861821
 5 10              0.861415
 5  9              0.861009
 5  8              0.860603
 5  7              0.860197
 5  6              0.859791
 4  1              0.859385
 4 13              0.858980
 4 12              0.858574
 4 11              0.858168
 4 10              0.857762
 4  9              0.857356
 4  8              0.856950
 4  7              0.856544
 4  6              0.856138
 4  5              0.855733
 3  1              0.855327
 3 13              0.854921
 3 12              0.854515
 3 11              0.854109
 3 10              0.853703
 3  9              0.853297
 3  8              0.852891
 3  7              0.852485
 3  6              0.852080
 3  5              0.851674
 2  1              0.851268
 2 13              0.850862
 2 12              0.850456
 2 11              0.850050
 2 10              0.849644
 2  9              0.849238
 2  8              0.848833
 2  7              0.848427
 2  6              0.848021
 2  5              0.847615
DOUBLE PAIR
 1 13 12           0.847209
 1 13 11           0.846912
 1 13 10           0.846616
 1 13  9           0.846319
 1 13  8           0.846022
 1 13  7           0.845725
 1 13  6           0.845429
 1 13  5           0.845132
 1 13  4           0.844835
 1 13  3           0.844539
 1 12 13           0.844242
 1 12 11           0.843945
 1 12 10           0.843648
 1 12  9           0.843352
 1 12  8           0.843055
 1 12  7           0.842758
 1 12  6           0.842462
 1 12  5           0.842165
 1 12  4           0.841868
 1 12  3           0.841571
 1 11 13           0.841275
 1 11 12           0.840978
 1 11 10           0.840681
 1 11  9           0.840385
 1 11  8           0.840088
 1 11  7           0.839791
 1 11  6           0.839494
 1 11  5           0.839198
 1 11  4           0.838901
 1 11  3           0.838604
 1 10 13           0.838307
 1 10 12           0.838011
 1 10 11           0.837714
 1 10  9           0.837417
 1 10  8           0.837121
 1 10  7           0.836824
 1 10  6           0.836527
 1 10  5           0.836230
 1 10  4           0.835934
 1 10  3           0.835637
 1  9 13           0.835340
 1  9 12           0.835044
 1  9 11           0.834747
 1  9 10           0.834450
 1  9  8           0.834153
 1  9  7           0.833857
 1  9  6           0.833560
 1  9  5           0.833263
 1  9  4           0.832967
 1  9  3           0.832670
 1  8 13           0.832373
 1  8 12           0.832076
 1  8 11           0.831780
 1  8 10           0.831483
 1  8  9           0.831186
 1  8  7           0.830890
 1  8  6           0.830593
 1  8  5           0.830296
 1  8  4           0.829999
 1  8  3           0.829703
 1  7 13           0.829406
 1  7 12           0.829109
 1  7 11           0.828813
 1  7 10           0.828516
 1  7  9           0.828219
 1  7  8           0.827922
 1  7  6           0.827626
 1  7  5           0.827329
 1  7  4           0.827032
 1  7  3           0.826736
 1  6 13           0.826439
 1  6 12           0.826142
 1  6 11           0.825845
 1  6 10           0.825549
 1  6  9           0.825252
 1  6  8           0.824955
 1  6  7           0.824658
 1  6  5           0.824362
 1  6  4           0.824065
 1  6  3           0.823768
 1  5 13           0.823472
 1  5 12           0.823175
 1  5 11           0.822878
 1  5 10           0.822581
 1  5  9           0.822285
 1  5  8           0.821988
 1  5  7           0.821691
 1  5  6           0.821395
 1  5  4           0.821098
 1  5  3           0.820801
 1  4 13           0.820504
 1  4 12           0.820208
 1  4 11           0.819911
 1  4 10           0.819614
 1  4  9           0.819318
 1  4  8           0.819021
 1  4  7           0.818724
 1  4  6           0.818427
 1  4  5           0.818131
 1  4  3           0.817834
 1  3 13           0.817537
 1  3 12           0.817241
 1  3 11           0.816944
 1  3 10           0.816647
 1  3  9           0.816350
 1  3  8           0.816054
 1  3  7           0.815757
 1  3  6           0.815460
 1  3  5           0.815164
 1  3  4           0.814867
 1  2 13           0.814570
 1  2 12           0.814273
 1  2 11           0.813977
 1  2 10           0.813680
 1  2  9           0.813383
 1  2  8           0.813087
 1  2  7           0.812790
 1  2  6           0.812493
 1  2  5           0.812196
 1  2  4           0.811900
 1  2  3           0.811603
13 12  1           0.811306
13 12 11           0.811010
13 12 10           0.810713
13 12  9           0.810416
13 12  8           0.810119
13 12  7           0.809823
13 12  6           0.809526
13 12  5           0.809229
13 12  4           0.808932
13 12  3           0.808636
13 11  1           0.808339
13 11 12           0.808042
13 11 10           0.807746
13 11  9           0.807449
13 11  8           0.807152
13 11  7           0.806855
13 11  6           0.806559
13 11  5           0.806262
13 11  4           0.805965
13 11  3           0.805669
13 10  1           0.805372
13 10 12           0.805075
13 10 11           0.804778
13 10  9           0.804482
13 10  8           0.804185
13 10  7           0.803888
13 10  6           0.803592
13 10  5           0.803295
13 10  4           0.802998
13 10  3           0.802701
13  9  1           0.802405
13  9 12           0.802108
13  9 11           0.801811
13  9 10           0.801515
13  9  8           0.801218
13  9  7           0.800921
13  9  6           0.800624
13  9  5           0.800328
13  9  4           0.800031
13  9  3           0.799734
13  8  1           0.799438
13  8 12           0.799141
13  8 11           0.798844
13  8 10           0.798547
13  8  9           0.798251
13  8  7           0.797954
13  8  6           0.797657
13  8  5           0.797361
13  8  4           0.797064
13  8  3           0.796767
13  7  1           0.796470
13  7 12           0.796174
13  7 11           0.795877
13  7 10           0.795580
13  7  9           0.795283
13  7  8           0.794987
13  7  6           0.794690
13  7  5           0.794393
13  7  4           0.794097
13  7  3           0.793800
13  6  1           0.793503
13  6 12           0.793206
13  6 11           0.792910
13  6 10           0.792613
13  6  9           0.792316
13  6  8           0.792020
13  6  7           0.791723
13  6  5           0.791426
13  6  4           0.791129
13  6  3           0.790833
13  5  1           0.790536
13  5 12           0.790239
13  5 11           0.789943
13  5 10           0.789646
13  5  9           0.789349
13  5  8           0.789052
13  5  7           0.788756
13  5  6           0.788459
13  5  4           0.788162
13  5  3           0.787866
13  4  1           0.787569
13  4 12           0.787272
13  4 11           0.786975
13  4 10           0.786679
13  4  9           0.786382
13  4  8           0.786085
13  4  7           0.785789
13  4  6           0.785492
13  4  5           0.785195
13  4  3           0.784898
13  3  1           0.784602
13  3 12           0.784305
13  3 11           0.784008
13  3 10           0.783712
13  3  9           0.783415
13  3  8           0.783118
13  3  7           0.782821
13  3  6           0.782525
13  3  5           0.782228
13  3  4           0.781931
13  2  1           0.781635
13  2 12           0.781338
13  2 11           0.781041
13  2 10           0.780744
13  2  9           0.780448
13  2  8           0.780151
13  2  7           0.779854
13  2  6           0.779557
13  2  5           0.779261
13  2  4           0.778964
13  2  3           0.778667
12 11  1           0.778371
12 11 13           0.778074
12 11 10           0.777777
12 11  9           0.777480
12 11  8           0.777184
12 11  7           0.776887
12 11  6           0.776590
12 11  5           0.776294
12 11  4           0.775997
12 11  3           0.775700
12 10  1           0.775403
12 10 13           0.775107
12 10 11           0.774810
12 10  9           0.774513
12 10  8           0.774217
12 10  7           0.773920
12 10  6           0.773623
12 10  5           0.773326
12 10  4           0.773030
12 10  3           0.772733
12  9  1           0.772436
12  9 13           0.772140
12  9 11           0.771843
12  9 10           0.771546
12  9  8           0.771249
12  9  7           0.770953
12  9  6           0.770656
12  9  5           0.770359
12  9  4           0.770063
12  9  3           0.769766
12  8  1           0.769469
12  8 13           0.769172
12  8 11           0.768876
12  8 10           0.768579
12  8  9           0.768282
12  8  7           0.767986
12  8  6           0.767689
12  8  5           0.767392
12  8  4           0.767095
12  8  3           0.766799
12  7  1           0.766502
12  7 13           0.766205
12  7 11           0.765908
12  7 10           0.765612
12  7  9           0.765315
12  7  8           0.765018
12  7  6           0.764722
12  7  5           0.764425
12  7  4           0.764128
12  7  3           0.763831
12  6  1           0.763535
12  6 13           0.763238
12  6 11           0.762941
12  6 10           0.762645
12  6  9           0.762348
12  6  8           0.762051
12  6  7           0.761754
12  6  5           0.761458
12  6  4           0.761161
12  6  3           0.760864
12  5  1           0.760568
12  5 13           0.760271
12  5 11           0.759974
12  5 10           0.759677
12  5  9           0.759381
12  5  8           0.759084
12  5  7           0.758787
12  5  6           0.758491
12  5  4           0.758194
12  5  3           0.757897
12  4  1           0.757600
12  4 13           0.757304
12  4 11           0.757007
12  4 10           0.756710
12  4  9           0.756414
12  4  8           0.756117
12  4  7           0.755820
12  4  6           0.755523
12  4  5           0.755227
12  4  3           0.754930
12  3  1           0.754633
12  3 13           0.754337
12  3 11           0.754040
12  3 10           0.753743
12  3  9           0.753446
12  3  8           0.753150
12  3  7           0.752853
12  3  6           0.752556
12  3  5           0.752260
12  3  4           0.751963
12  2  1           0.751666
12  2 13           0.751369
12  2 11           0.751073
12  2 10           0.750776
12  2  9           0.750479
12  2  8           0.750182
12  2  7           0.749886
12  2  6           0.749589
12  2  5           0.749292
12  2  4           0.748996
12  2  3           0.748699
11 10  1           0.748402
11 10 13           0.748105
11 10 12           0.747809
11 10  9           0.747512
11 10  8           0.747215
11 10  7           0.746919
11 10  6           0.746622
11 10  5           0.746325
11 10  4           0.746028
11 10  3           0.745732
11  9  1           0.745435
11  9 13           0.745138
11  9 12           0.744842
11  9 10           0.744545
11  9  8           0.744248
11  9  7           0.743951
11  9  6           0.743655
11  9  5           0.743358
11  9  4           0.743061
11  9  3           0.742765
11  8  1           0.742468
11  8 13           0.742171
11  8 12           0.741874
11  8 10           0.741578
11  8  9           0.741281
11  8  7           0.740984
11  8  6           0.740688
11  8  5           0.740391
11  8  4           0.740094
11  8  3           0.739797
11  7  1           0.739501
11  7 13           0.739204
11  7 12           0.738907
11  7 10           0.738611
11  7  9           0.738314
11  7  8           0.738017
11  7  6           0.737720
11  7  5           0.737424
11  7  4           0.737127
11  7  3           0.736830
11  6  1           0.736533
11  6 13           0.736237
11  6 12           0.735940
11  6 10           0.735643
11  6  9           0.735347
11  6  8           0.735050
11  6  7           0.734753
11  6  5           0.734456
11  6  4           0.734160
11  6  3           0.733863
11  5  1           0.733566
11  5 13           0.733270
11  5 12           0.732973
11  5 10           0.732676
11  5  9           0.732379
11  5  8           0.732083
11  5  7           0.731786
11  5  6           0.731489
11  5  4           0.731193
11  5  3           0.730896
11  4  1           0.730599
11  4 13           0.730302
11  4 12           0.730006
11  4 10           0.729709
11  4  9           0.729412
11  4  8           0.729116
11  4  7           0.728819
11  4  6           0.728522
11  4  5           0.728225
11  4  3           0.727929
11  3  1           0.727632
11  3 13           0.727335
11  3 12           0.727039
11  3 10           0.726742
11  3  9           0.726445
11  3  8           0.726148
11  3  7           0.725852
11  3  6           0.725555
11  3  5           0.725258
11  3  4           0.724962
11  2  1           0.724665
11  2 13           0.724368
11  2 12           0.724071
11  2 10           0.723775
11  2  9           0.723478
11  2  8           0.723181
11  2  7           0.722885
11  2  6           0.722588
11  2  5           0.722291
11  2  4           0.721994
11  2  3           0.721698
10  9  1           0.721401
10  9 13           0.721104
10  9 12           0.720807
10  9 11           0.720511
10  9  8           0.720214
10  9  7           0.719917
10  9  6           0.719621
10  9  5           0.719324
10  9  4           0.719027
10  9  3           0.718730
10  8  1           0.718434
10  8 13           0.718137
10  8 12           0.717840
10  8 11           0.717544
10  8  9           0.717247
10  8  7           0.716950
10  8  6           0.716653
10  8  5           0.716357
10  8  4           0.716060
10  8  3           0.715763
10  7  1           0.715467
10  7 13           0.715170
10  7 12           0.714873
10  7 11           0.714576
10  7  9           0.714280
10  7  8           0.713983
10  7  6           0.713686
10  7  5           0.713390
10  7  4           0.713093
10  7  3           0.712796
10  6  1           0.712499
10  6 13           0.712203
10  6 12           0.711906
10  6 11           0.711609
10  6  9           0.711313
10  6  8           0.711016
10  6  7           0.710719
10  6  5           0.710422
10  6  4           0.710126
10  6  3           0.709829
10  5  1           0.709532
10  5 13           0.709236
10  5 12           0.708939
10  5 11           0.708642
10  5  9           0.708345
10  5  8           0.708049
10  5  7           0.707752
10  5  6           0.707455
10  5  4           0.707158
10  5  3           0.706862
10  4  1           0.706565
10  4 13           0.706268
10  4 12           0.705972
10  4 11           0.705675
10  4  9           0.705378
10  4  8           0.705081
10  4  7           0.704785
10  4  6           0.704488
10  4  5           0.704191
10  4  3           0.703895
10  3  1           0.703598
10  3 13           0.703301
10  3 12           0.703004
10  3 11           0.702708
10  3  9           0.702411
10  3  8           0.702114
10  3  7           0.701818
10  3  6           0.701521
10  3  5           0.701224
10  3  4           0.700927
10  2  1           0.700631
10  2 13           0.700334
10  2 12           0.700037
10  2 11           0.699741
10  2  9           0.699444
10  2  8           0.699147
10  2  7           0.698850
10  2  6           0.698554
10  2  5           0.698257
10  2  4           0.697960
10  2  3           0.697664
 9  8  1           0.697367
 9  8 13           0.697070
 9  8 12           0.696773
 9  8 11           0.696477
 9  8 10           0.696180
 9  8  7           0.695883
 9  8  6           0.695587
 9  8  5           0.695290
 9  8  4           0.694993
 9  8  3           0.694696
 9  7  1           0.694400
 9  7 13           0.694103
 9  7 12           0.693806
 9  7 11           0.693510
 9  7 10           0.693213
 9  7  8           0.692916
 9  7  6           0.692619
 9  7  5           0.692323
 9  7  4           0.692026
 9  7  3           0.691729
 9  6  1           0.691432
 9  6 13           0.691136
 9  6 12           0.690839
 9  6 11           0.690542
 9  6 10           0.690246
 9  6  8           0.689949
 9  6  7           0.689652
 9  6  5           0.689355
 9  6  4           0.689059
 9  6  3           0.688762
 9  5  1           0.688465
 9  5 13           0.688169
 9  5 12           0.687872
 9  5 11           0.687575
 9  5 10           0.687278
 9  5  8           0.686982
 9  5  7           0.686685
 9  5  6           0.686388
 9  5  4           0.686092
 9  5  3           0.685795
 9  4  1           0.685498
 9  4 13           0.685201
 9  4 12           0.684905
 9  4 11           0.684608
 9  4 10           0.684311
 9  4  8           0.684015
 9  4  7           0.683718
 9  4  6           0.683421
 9  4  5           0.683124
 9  4  3           0.682828
 9  3  1           0.682531
 9  3 13           0.682234
 9  3 12           0.681938
 9  3 11           0.681641
 9  3 10           0.681344
 9  3  8           0.681047
 9  3  7           0.680751
 9  3  6           0.680454
 9  3  5           0.680157
 9  3  4           0.679861
 9  2  1           0.679564
 9  2 13           0.679267
 9  2 12           0.678970
 9  2 11           0.678674
 9  2 10           0.678377
 9  2  8           0.678080
 9  2  7           0.677783
 9  2  6           0.677487
 9  2  5           0.677190
 9  2  4           0.676893
 9  2  3           0.676597
 8  7  1           0.676300
 8  7 13           0.676003
 8  7 12           0.675706
 8  7 11           0.675410
 8  7 10           0.675113
 8  7  9           0.674816
 8  7  6           0.674520
 8  7  5           0.674223
 8  7  4           0.673926
 8  7  3           0.673629
 8  6  1           0.673333
 8  6 13           0.673036
 8  6 12           0.672739
 8  6 11           0.672443
 8  6 10           0.672146
 8  6  9           0.671849
 8  6  7           0.671552
 8  6  5           0.671256
 8  6  4           0.670959
 8  6  3           0.670662
 8  5  1           0.670366
 8  5 13           0.670069
 8  5 12           0.669772
 8  5 11           0.669475
 8  5 10           0.669179
 8  5  9           0.668882
 8  5  7           0.668585
 8  5  6           0.668289
 8  5  4           0.667992
 8  5  3           0.667695
 8  4  1           0.667398
 8  4 13           0.667102
 8  4 12           0.666805
 8  4 11           0.666508
 8  4 10           0.666212
 8  4  9           0.665915
 8  4  7           0.665618
 8  4  6           0.665321
 8  4  5           0.665025
 8  4  3           0.664728
 8  3  1           0.664431
 8  3 13           0.664135
 8  3 12           0.663838
 8  3 11           0.663541
 8  3 10           0.663244
 8  3  9           0.662948
 8  3  7           0.662651
 8  3  6           0.662354
 8  3  5           0.662057
 8  3  4           0.661761
 8  2  1           0.661464
 8  2 13           0.661167
 8  2 12           0.660871
 8  2 11           0.660574
 8  2 10           0.660277
 8  2  9           0.659980
 8  2  7           0.659684
 8  2  6           0.659387
 8  2  5           0.659090
 8  2  4           0.658794
 8  2  3           0.658497
 7  6  1           0.658200
 7  6 13           0.657903
 7  6 12           0.657607
 7  6 11           0.657310
 7  6 10           0.657013
 7  6  9           0.656717
 7  6  8           0.656420
 7  6  5           0.656123
 7  6  4           0.655826
 7  6  3           0.655530
 7  5  1           0.655233
 7  5 13           0.654936
 7  5 12           0.654640
 7  5 11           0.654343
 7  5 10           0.654046
 7  5  9           0.653749
 7  5  8           0.653453
 7  5  6           0.653156
 7  5  4           0.652859
 7  5  3           0.652563
 7  4  1           0.652266
 7  4 13           0.651969
 7  4 12           0.651672
 7  4 11           0.651376
 7  4 10           0.651079
 7  4  9           0.650782
 7  4  8           0.650486
 7  4  6           0.650189
 7  4  5           0.649892
 7  4  3           0.649595
 7  3  1           0.649299
 7  3 13           0.649002
 7  3 12           0.648705
 7  3 11           0.648408
 7  3 10           0.648112
 7  3  9           0.647815
 7  3  8           0.647518
 7  3  6           0.647222
 7  3  5           0.646925
 7  3  4           0.646628
 7  2  1           0.646331
 7  2 13           0.646035
 7  2 12           0.645738
 7  2 11           0.645441
 7  2 10           0.645145
 7  2  9           0.644848
 7  2  8           0.644551
 7  2  6           0.644254
 7  2  5           0.643958
 7  2  4           0.643661
 7  2  3           0.643364
 6  5  1           0.643068
 6  5 13           0.642771
 6  5 12           0.642474
 6  5 11           0.642177
 6  5 10           0.641881
 6  5  9           0.641584
 6  5  8           0.641287
 6  5  7           0.640991
 6  5  4           0.640694
 6  5  3           0.640397
 6  4  1           0.640100
 6  4 13           0.639804
 6  4 12           0.639507
 6  4 11           0.639210
 6  4 10           0.638914
 6  4  9           0.638617
 6  4  8           0.638320
 6  4  7           0.638023
 6  4  5           0.637727
 6  4  3           0.637430
 6  3  1           0.637133
 6  3 13           0.636837
 6  3 12           0.636540
 6  3 11           0.636243
 6  3 10           0.635946
 6  3  9           0.635650
 6  3  8           0.635353
 6  3  7           0.635056
 6  3  5           0.634760
 6  3  4           0.634463
 6  2  1           0.634166
 6  2 13           0.633869
 6  2 12           0.633573
 6  2 11           0.633276
 6  2 10           0.632979
 6  2  9           0.632682
 6  2  8           0.632386
 6  2  7           0.632089
 6  2  5           0.631792
 6  2  4           0.631496
 6  2  3           0.631199
 5  4  1           0.630902
 5  4 13           0.630605
 5  4 12           0.630309
 5  4 11           0.630012
 5  4 10           0.629715
 5  4  9           0.629419
 5  4  8           0.629122
 5  4  7           0.628825
 5  4  6           0.628528
 5  4  3           0.628232
 5  3  1           0.627935
 5  3 13           0.627638
 5  3 12           0.627342
 5  3 11           0.627045
 5  3 10           0.626748
 5  3  9           0.626451
 5  3  8           0.626155
 5  3  7           0.625858
 5  3  6           0.625561
 5  3  4           0.625265
 5  2  1           0.624968
 5  2 13           0.624671
 5  2 12           0.624374
 5  2 11           0.624078
 5  2 10           0.623781
 5  2  9           0.623484
 5  2  8           0.623188
 5  2  7           0.622891
 5  2  6           0.622594
 5  2  4           0.622297
 5  2  3           0.622001
 4  3  1           0.621704
 4  3 13           0.621407
 4  3 12           0.621111
 4  3 11           0.620814
 4  3 10           0.620517
 4  3  9           0.620220
 4  3  8           0.619924
 4  3  7           0.619627
 4  3  6           0.619330
 4  3  5           0.619033
 4  2  1           0.618737
 4  2 13           0.618440
 4  2 12           0.618143
 4  2 11           0.617847
 4  2 10           0.617550
 4  2  9           0.617253
 4  2  8           0.616956
 4  2  7           0.616660
 4  2  6           0.616363
 4  2  5           0.616066
 4  2  3           0.615770
 3  2  1           0.615473
 3  2 13           0.615176
 3  2 12           0.614879
 3  2 11           0.614583
 3  2 10           0.614286
 3  2  9           0.613989
 3  2  8           0.613693
 3  2  7           0.613396
 3  2  6           0.613099
 3  2  5           0.612802
 3  2  4           0.612506
PAIR
 1 13 12           0.612209
 1 13 11           0.611269
 1 13 10           0.610329
 1 13  9           0.609389
 1 13  8           0.608449
 1 13  7           0.607509
 1 13  6           0.606570
 1 12 11           0.605630
 1 12 10           0.604690
 1 12  9           0.603750
 1 12  8           0.602810
 1 12  7           0.601870
 1 12  6           0.600930
 1 11 10           0.599990
 1 11  9           0.599050
 1 11  8           0.598110
 1 11  7           0.597170
 1 11  6           0.596230
 1 10  9           0.595291
 1 10  8           0.594351
 1 10  7           0.593411
 1 10  6           0.592471
 1  9  8           0.591531
 1  9  7           0.590591
 1  9  6           0.589651
 1  8  7           0.588711
 1  8  6           0.587771
 1  7  6           0.586831
13  1 12           0.585891
13  1 11           0.584951
13  1 10           0.584012
13  1  9           0.583072
13  1  8           0.582132
13  1  7           0.581192
13  1  6           0.580252
13 12 11           0.579312
13 12 10           0.578372
13 12  9           0.577432
13 12  8           0.576492
13 12  7           0.575552
13 12  6           0.574612
13 12  5           0.573673
13 11 10           0.572733
13 11  9           0.571793
13 11  8           0.570853
13 11  7           0.569913
13 11  6           0.568973
13 11  5           0.568033
13 10  9           0.567093
13 10  8           0.566153
13 10  7           0.565213
13 10  6           0.564273
13 10  5           0.563333
13  9  8           0.562394
13  9  7           0.561454
13  9  6           0.560514
13  9  5           0.559574
13  8  7           0.558634
13  8  6           0.557694
13  8  5           0.556754
13  7  6           0.555814
13  7  5           0.554874
12  1 13           0.553934
12  1 11           0.552994
12  1 10           0.552054
12  1  9           0.551115
12  1  8           0.550175
12  1  7           0.549235
12  1  6           0.548295
12 13 11           0.547355
12 13 10           0.546415
12 13  9           0.545475
12 13  8           0.544535
12 13  7           0.543595
12 13  6           0.542655
12 13  5           0.541715
12 11 10           0.540776
12 11  9           0.539836
12 11  8           0.538896
12 11  7           0.537956
12 11  6           0.537016
12 11  5           0.536076
12 10  9           0.535136
12 10  8           0.534196
12 10  7           0.533256
12 10  6           0.532316
12 10  5           0.531376
12  9  8           0.530436
12  9  7           0.529497
12  9  6           0.528557
12  9  5           0.527617
12  8  7           0.526677
12  8  6           0.525737
12  8  5           0.524797
12  7  6           0.523857
12  7  5           0.522917
11  1 13           0.521977
11  1 12           0.521037
11  1 10           0.520097
11  1  9           0.519157
11  1  8           0.518218
11  1  7           0.517278
11  1  6           0.516338
11 13 12           0.515398
11 13 10           0.514458
11 13  9           0.513518
11 13  8           0.512578
11 13  7           0.511638
11 13  6           0.510698
11 13  5           0.509758
11 12 10           0.508818
11 12  9           0.507879
11 12  8           0.506939
11 12  7           0.505999
11 12  6           0.505059
11 12  5           0.504119
11 10  9           0.503179
11 10  8           0.502239
11 10  7           0.501299
11 10  6           0.500359
11 10  5           0.499419
11  9  8           0.498479
11  9  7           0.497539
11  9  6           0.496600
11  9  5           0.495660
11  8  7           0.494720
11  8  6           0.493780
11  8  5           0.492840
11  7  6           0.491900
11  7  5           0.490960
10  1 13           0.490020
10  1 12           0.489080
10  1 11           0.488140
10  1  9           0.487200
10  1  8           0.486261
10  1  7           0.485321
10  1  6           0.484381
10 13 12           0.483441
10 13 11           0.482501
10 13  9           0.481561
10 13  8           0.480621
10 13  7           0.479681
10 13  6           0.478741
10 13  5           0.477801
10 12 11           0.476861
10 12  9           0.475921
10 12  8           0.474982
10 12  7           0.474042
10 12  6           0.473102
10 12  5           0.472162
10 11  9           0.471222
10 11  8           0.470282
10 11  7           0.469342
10 11  6           0.468402
10 11  5           0.467462
10  9  8           0.466522
10  9  7           0.465582
10  9  6           0.464642
10  9  5           0.463703
10  8  7           0.462763
10  8  6           0.461823
10  8  5           0.460883
10  7  6           0.459943
10  7  5           0.459003
 9  1 13           0.458063
 9  1 12           0.457123
 9  1 11           0.456183
 9  1 10           0.455243
 9  1  8           0.454303
 9  1  7           0.453364
 9  1  6           0.452424
 9 13 12           0.451484
 9 13 11           0.450544
 9 13 10           0.449604
 9 13  8           0.448664
 9 13  7           0.447724
 9 13  6           0.446784
 9 13  5           0.445844
 9 12 11           0.444904
 9 12 10           0.443964
 9 12  8           0.443024
 9 12  7           0.442085
 9 12  6           0.441145
 9 12  5           0.440205
 9 11 10           0.439265
 9 11  8           0.438325
 9 11  7           0.437385
 9 11  6           0.436445
 9 11  5           0.435505
 9 10  8           0.434565
 9 10  7           0.433625
 9 10  6           0.432685
 9 10  5           0.431745
 9  8  7           0.430806
 9  8  6           0.429866
 9  8  5           0.428926
 9  7  6           0.427986
 9  7  5           0.427046
 8  1 13           0.426106
 8  1 12           0.425166
 8  1 11           0.424226
 8  1 10           0.423286
 8  1  9           0.422346
 8  1  7           0.421406
 8  1  6           0.420467
 8 13 12           0.419527
 8 13 11           0.418587
 8 13 10           0.417647
 8 13  9           0.416707
 8 13  7           0.415767
 8 13  6           0.414827
 8 13  5           0.413887
 8 12 11           0.412947
 8 12 10           0.412007
 8 12  9           0.411067
 8 12  7           0.410127
 8 12  6           0.409188
 8 12  5           0.408248
 8 11 10           0.407308
 8 11  9           0.406368
 8 11  7           0.405428
 8 11  6           0.404488
 8 11  5           0.403548
 8 10  9           0.402608
 8 10  7           0.401668
 8 10  6           0.400728
 8 10  5           0.399788
 8  9  7           0.398848
 8  9  6           0.397909
 8  9  5           0.396969
 8  7  6           0.396029
 8  7  5           0.395089
 7  1 13           0.394149
 7  1 12           0.393209
 7  1 11           0.392269
 7  1 10           0.391329
 7  1  9           0.390389
 7  1  8           0.389449
 7  1  6           0.388509
 7 13 12           0.387570
 7 13 11           0.386630
 7 13 10           0.385690
 7 13  9           0.384750
 7 13  8           0.383810
 7 13  6           0.382870
 7 13  5           0.381930
 7 12 11           0.380990
 7 12 10           0.380050
 7 12  9           0.379110
 7 12  8           0.378170
 7 12  6           0.377230
 7 12  5           0.376291
 7 11 10           0.375351
 7 11  9           0.374411
 7 11  8           0.373471
 7 11  6           0.372531
 7 11  5           0.371591
 7 10  9           0.370651
 7 10  8           0.369711
 7 10  6           0.368771
 7 10  5           0.367831
 7  9  8           0.366891
 7  9  6           0.365951
 7  9  5           0.365012
 7  8  6           0.364072
 7  8  5           0.363132
 6  1 13           0.362192
 6  1 12           0.361252
 6  1 11           0.360312
 6  1 10           0.359372
 6  1  9           0.358432
 6  1  8           0.357492
 6  1  7           0.356552
 6 13 12           0.355612
 6 13 11           0.354673
 6 13 10           0.353733
 6 13  9           0.352793
 6 13  8           0.351853
 6 13  7           0.350913
 6 13  5           0.349973
 6 12 11           0.349033
 6 12 10           0.348093
 6 12  9           0.347153
 6 12  8           0.346213
 6 12  7           0.345273
 6 12  5           0.344333
 6 11 10           0.343394
 6 11  9           0.342454
 6 11  8           0.341514
 6 11  7           0.340574
 6 11  5           0.339634
 6 10  9           0.338694
 6 10  8           0.337754
 6 10  7           0.336814
 6 10  5           0.335874
 6  9  8           0.334934
 6  9  7           0.333994
 6  9  5           0.333054
 6  8  7           0.332115
 6  8  5           0.331175
 6  7  5           0.330235
 5  1 13           0.329295
 5  1 12           0.328355
 5  1 11           0.327415
 5  1 10           0.326475
 5  1  9           0.325535
 5  1  8           0.324595
 5  1  7           0.323655
 5  1  6           0.322715
 5 13 12           0.321776
 5 13 11           0.320836
 5 13 10           0.319896
 5 13  9           0.318956
 5 13  8           0.318016
 5 13  7           0.317076
 5 13  6           0.316136
 5 12 11           0.315196
 5 12 10           0.314256
 5 12  9           0.313316
 5 12  8           0.312376
 5 12  7           0.311436
 5 12  6           0.310497
 5 11 10           0.309557
 5 11  9           0.308617
 5 11  8           0.307677
 5 11  7           0.306737
 5 11  6           0.305797
 5 10  9           0.304857
 5 10  8           0.303917
 5 10  7           0.302977
 5 10  6           0.302037
 5  9  8           0.301097
 5  9  7           0.300157
 5  9  6           0.299218
 5  8  7           0.298278
 5  8  6           0.297338
 5  7  6           0.296398
 4  1 13           0.295458
 4  1 12           0.294518
 4  1 11           0.293578
 4  1 10           0.292638
 4  1  9           0.291698
 4  1  8           0.290758
 4  1  7           0.289818
 4  1  6           0.288879
 4 13 12           0.287939
 4 13 11           0.286999
 4 13 10           0.286059
 4 13  9           0.285119
 4 13  8           0.284179
 4 13  7           0.283239
 4 13  6           0.282299
 4 13  5           0.281359
 4 12 11           0.280419
 4 12 10           0.279479
 4 12  9           0.278539
 4 12  8           0.277600
 4 12  7           0.276660
 4 12  6           0.275720
 4 12  5           0.274780
 4 11 10           0.273840
 4 11  9           0.272900
 4 11  8           0.271960
 4 11  7           0.271020
 4 11  6           0.270080
 4 11  5           0.269140
 4 10  9           0.268200
 4 10  8           0.267261
 4 10  7           0.266321
 4 10  6           0.265381
 4 10  5           0.264441
 4  9  8           0.263501
 4  9  7           0.262561
 4  9  6           0.261621
 4  9  5           0.260681
 4  8  7           0.259741
 4  8  6           0.258801
 4  8  5           0.257861
 4  7  6           0.256921
 4  7  5           0.255982
 3  1 13           0.255042
 3  1 12           0.254102
 3  1 11           0.253162
 3  1 10           0.252222
 3  1  9           0.251282
 3  1  8           0.250342
 3  1  7           0.249402
 3  1  6           0.248462
 3 13 12           0.247522
 3 13 11           0.246582
 3 13 10           0.245642
 3 13  9           0.244703
 3 13  8           0.243763
 3 13  7           0.242823
 3 13  6           0.241883
 3 13  5           0.240943
 3 12 11           0.240003
 3 12 10           0.239063
 3 12  9           0.238123
 3 12  8           0.237183
 3 12  7           0.236243
 3 12  6           0.235303
 3 12  5           0.234364
 3 11 10           0.233424
 3 11  9           0.232484
 3 11  8           0.231544
 3 11  7           0.230604
 3 11  6           0.229664
 3 11  5           0.228724
 3 10  9           0.227784
 3 10  8           0.226844
 3 10  7           0.225904
 3 10  6           0.224964
 3 10  5           0.224024
 3  9  8           0.223085
 3  9  7           0.222145
 3  9  6           0.221205
 3  9  5           0.220265
 3  8  7           0.219325
 3  8  6           0.218385
 3  8  5           0.217445
 3  7  6           0.216505
 3  7  5           0.215565
 2  1 13           0.214625
 2  1 12           0.213685
 2  1 11           0.212745
 2  1 10           0.211806
 2  1  9           0.210866
 2  1  8           0.209926
 2  1  7           0.208986
 2  1  6           0.208046
 2 13 12           0.207106
 2 13 11           0.206166
 2 13 10           0.205226
 2 13  9           0.204286
 2 13  8           0.203346
 2 13  7           0.202406
 2 13  6           0.201467
 2 13  5           0.200527
 2 12 11           0.199587
 2 12 10           0.198647
 2 12  9           0.197707
 2 12  8           0.196767
 2 12  7           0.195827
 2 12  6           0.194887
 2 12  5           0.193947
 2 11 10           0.193007
 2 11  9           0.192067
 2 11  8           0.191127
 2 11  7           0.190188
 2 11  6           0.189248
 2 11  5           0.188308
 2 10  9           0.187368
 2 10  8           0.186428
 2 10  7           0.185488
 2 10  6           0.184548
 2 10  5           0.183608
 2  9  8           0.182668
 2  9  7           0.181728
 2  9  6           0.180788
 2  9  5           0.179848
 2  8  7           0.178909
 2  8  6           0.177969
 2  8  5           0.177029
 2  7  6           0.176089
 2  7  5           0.175149
HIGH CARD
 1 13 12           0.174209
 1 13 11           0.171102
 1 13 10           0.167995
 1 13  9           0.164888
 1 13  8           0.161780
 1 13  7           0.158673
 1 12 11           0.155566
 1 12 10           0.152459
 1 12  9           0.149352
 1 12  8           0.146245
 1 12  7           0.143138
 1 11 10           0.140030
 1 11  9           0.136923
 1 11  8           0.133816
 1 11  7           0.130709
 1 10  9           0.127602
 1 10  8           0.124495
 1 10  7           0.121388
 1  9  8           0.118280
 1  9  7           0.115173
 1  8  7           0.112066
13 12 11           0.108959
13 12 10           0.105852
13 12  9           0.102745
13 12  8           0.099638
13 12  7           0.096530
13 11 10           0.093423
13 11  9           0.090316
13 11  8           0.087209
13 11  7           0.084102
13 10  9           0.080995
13 10  8           0.077888
13 10  7           0.074780
13  9  8           0.071673
13  9  7           0.068566
13  8  7           0.065459
12 11 10           0.062352
12 11  9           0.059245
12 11  8           0.056138
12 11  7           0.053030
12 10  9           0.049923
12 10  8           0.046816
12 10  7           0.043709
12  9  8           0.040602
12  9  7           0.037495
12  8  7           0.034388
11 10  9           0.031280
11 10  8           0.028173
11 10  7           0.025066
11  9  8           0.021959
11  9  7           0.018852
11  8  7           0.015745
10  9  8           0.012638
10  9  7           0.009530
10  8  7           0.006423
 9  8  7           0.003316
